020161
020162
020163
020164
020165
020166
020167
020168
020170
020172
020174
020175
020176
020177
020178
020179
020180
020181
020182
020183
020184
020185
020186
020187
020188
020190
020191
020192
020193
020195
020196
020197
020198
020199
020200
020204
020205
020207
020208
020210
020211
020212
020213
020215
020216
020217
020219
020220
020221
020222
020224
020225
020226
020228
020229
020230
020231
020233
020234
020235
020236
020237
020239
020240
020241
020242
020243
020244
020245
020246
020248
020249
020250
020251
020253
020254
020255
020257
020258
020259
020260
020262
020263
020265
020266
020267
020268
020269
020270
020271
020272
020273
020276
020277
020278
020279
020280
020281
020285
020286
020287
020288
020289
020290
020291
020293
020294
020295
020296
020297
020299
020300
020301
020302
020303
020304
020305
020306
020309
020310
020311
020312
020314
020316
020317
020318
020319
020320
020321
020322
020323
020324
020325
020326
020328
020329
020330
020331
020332
020334
020336
020337
020338
020339
020340
020341
020342
020343
020345
020346
020347
020348
020349
020350
020351
020352
020353
020354
020356
020357
020358
020359
020361
020362
020363
020364
020366
020367
020369
020370
020371
020372
020373
020374
020376
020377
020378
020379
020380
020381
020382
020384
020385
020386
020388
020389
020390
020392
020393
020394
020395
020396
020397
020398
020399
020401
020402
020404
020406
020407
020408
020409
020412
020413
020414
020416
020417
020418
020419
020420
020421
020422
020425
020426
020427
020428
020429
020430
020431
020432
020433
020435
020437
020439
020442
020444
020445
020446
020448
020449
020450
020451
020452
020453
020454
020455
020456
020459
020460
020462
020463
020464
020465
020466
020467
020468
020469
020470
020472
020473
020475
020476
020478
020479
020480
020481
020482
020483
020484
020485
020486
020487
020488
020489
020490
020491
020493
020495
020498
020499
020501
020503
020504
020505
020506
020507
020508
020509
020510
020511
020512
020513
020514
020515
020517
020518
020520
020523
020524
020525
020526
020527
020528
020529
020531
020532
020533
020535
020536
020537
020538
020539
020540
020541
020542
020543
020545
020546
020547
020548
020549
020550
020551
020552
020553
020554
020555
020557
020558
020559
020561
020562
020563
020564
020565
020566
020567
020568
020569
020570
020571
020572
020573
020574
020575
020576
020577
020578
020579
020580
020583
020584
020585
020586
020587
020588
020589
020590
020593
020595
020596
020597
020599
020601
020602
020603
020605
020606
020607
020608
020609
020610
020611
020612
020613
020615
020616
020617
020618
020619
020620
020622
020623
020625
020626
020627
020628
020629
020630
020631
020633
020634
020635
020637
020639
020640
020641
020642
020643
020644
020646
020647
020649
020650
020651
020653
020654
020655
020656
020657
020658
020659
020660
020661
020665
020666
020668
020669
020670
020671
020672
020673
020674
020675
020676
020677
020679
020680
020681
020682
020683
020684
020686
020687
020688
020689
020690
020691
020692
020694
020695
020696
020697
020698
020699
020702
020704
020705
020706
020707
020709
020710
020711
020712
020714
020715
020717
020719
020720
020721
020722
020723
020726
020727
020728
020730
020731
020732
020733
020734
020735
020736
020737
020738
020740
020741
020742
020743
020744
020745
020747
020748
020749
020750
020751
020752
020753
020754
020755
020758
020759
020760
020761
020762
020763
020764
020765
020766
020767
020768
020769
020772
020773
020774
020775
020776
020777
020778
020780
020781
020782
020783
020784
020785
020787
020788
020789
020792
020793
020794
020795
020796
020799
020801
020802
020803
020804
020805
020806
020807
020809
020810
020811
020812
020814
020816
020818
020819
020820
020821
020822
020823
020824
020825
020826
020827
020828
020829
020830
020831
020833
020834
020835
020836
020837
020838
020840
020843
020844
020847
020848
020849
020850
020853
020854
020856
020857
020858
020859
020860
020862
020865
020866
020867
020868
020869
020870
020871
020872
020873
020874
020877
020878
020879
020880
020881
020882
020885
020886
020887
020889
020890
020893
020894
020895
020896
020898
020899
020900
020903
020904
020905
020907
020908
020909
020910
020913
020914
020915
020916
020917
020918
020919
020920
020921
020922
020924
020925
020927
020928
020929
020932
020933
020934
020935
020936
020938
020939
020942
020943
020944
020945
020946
020947
020948
020949
020951
020952
020954
020955
020956
020957
020958
020959
020960
020961
020962
020963
020964
020965
020966
020967
020968
020969
020970
020971
020972
020973
020974
020976
020977
020978
020979
020980
020981
020983
020984
020986
020987
020988
020989
020990
020992
020993
020994
020996
020997
020998
020999
021001
021002
021003
021004
021005
021006
021007
021008
021009
021010
021011
021012
021013
021014
021015
021016
021017
021019
021020
021022
021023
021024
021025
021026
021027
021028
021030
021031
021032
021033
021034
021036
021038
021039
021040
021041
021042
021043
021044
021046
021047
021050
021051
021052
021053
021054
021055
021056
021057
021060
021062
021063
021064
021066
021067
021068
021070
021072
021073
021074
021075
021076
021081
021083
021084
021085
021086
021087
021088
021089
021091
021092
021093
021095
021096
021097
021098
021099
021100
021101
021102
021103
021104
021105
021106
021108
021109
021110
021111
021113
021114
021115
021116
021118
021119
021120
021121
021123
021125
021127
021128
021131
021132
021133
021134
021135
021136
021138
021139
021141
021142
021143
021144
021145
021146
021147
021148
021149
021151
021152
021154
021155
021156
021157
021160
021161
021162
021163
021164
021165
021166
021167
021168
021169
021170
021172
021173
021174
021175
021177
021178
021179
021181
021182
021184
021186
021187
021188
021191
021192
021194
021195
021196
021197
021198
021200
021201
021202
021204
021205
021206
021208
021209
021210
021211
021212
021213
021214
021215
021216
021217
021218
021219
021220
021222
021223
021224
021226
021227
021228
021230
021231
021232
021233
021234
021235
021237
021239
021240
021241
021242
021243
021245
021247
021248
021249
021250
021251
021252
021253
021254
021255
021256
021257
021258
021260
021261
021262
021264
021265
021266
021268
021269
021271
021272
021273
021274
021275
021276
021277
021278
021279
021280
021282
021283
021284
021285
021286
021287
021288
021289
021290
021291
021292
021294
021295
021296
021297
021298
021299
021300
021301
021302
021303
021305
021306
021307
021309
021310
021311
021313
021314
021315
021316
021318
021319
021322
021323
021324
021325
021326
021327
021328
021329
021330
021331
021333
021335
021336
021337
021339
021341
021342
021343
021345
021346
021347
021348
021351
021353
021356
021357
021359
021360
021362
021363
021364
021365
021366
021367
021368
021369
021370
021371
021373
021374
021375
021376
021377
021378
021381
021382
021383
021386
021387
021388
021389
021391
021392
021393
021394
021395
021396
021397
021398
021399
021401
021402
021403
021404
021406
021407
021408
021409
021410
021411
021412
021413
021414
021416
021417
021418
021419
021420
021421
021422
021424
021425
021428
021432
021434
021435
021437
021438
021439
021440
021441
021442
021444
021445
021446
021447
021449
021450
021451
021452
021453
021454
021455
021456
021457
021459
021460
021462
021463
021465
021467
021468
021469
021471
021472
021473
021474
021475
021476
021477
021479
021480
021481
021482
021483
021485
021486
021487
021488
021489
021490
021491
021492
021493
021494
021495
021496
021497
021498
021499
021500
021501
021502
021503
021504
021505
021506
021507
021508
021509
021511
021512
021514
021515
021516
021517
021519
021520
021521
021522
021524
021525
021526
021527
021528
021529
021530
021531
021532
021533
021534
021535
021537
021539
021540
021542
021543
021544
021545
021546
021547
021548
021549
021551
021552
021553
021554
021555
021556
021557
021558
021559
021560
021561
021562
021563
021564
021565
021566
021568
021569
021570
021571
021572
021573
021574
021575
021577
021579
021580
021581
021582
021583
021584
021585
021586
021588
021589
021590
021591
021592
021593
021594
021595
021596
021597
021598
021599
021601
021602
021603
021604
021605
021606
021607
021608
021609
021610
021611
021612
021613
021615
021616
021617
021618
021619
021620
021621
021625
021628
021629
021630
021631
021632
021633
021636
021637
021638
021639
021640
021643
021644
021646
021648
021649
021650
021651
021652
021653
021655
021658
021660
021662
021664
021667
021668
021669
021670
021672
021674
021675
021676
021677
021678
021680
021681
021682
021683
021685
021686
021688
021689
021690
021691
021692
021693
021695
021696
021697
021698
021699
021700
021701
021703
021704
021705
021707
021708
021709
021710
021712
021714
021715
021716
021717
021718
021719
021722
021723
021724
021725
021726
021727
021728
021729
021730
021731
021732
021733
021734
021735
021736
021737
021738
021740
021741
021742
021743
021744
021745
021746
021748
021749
021750
021751
021752
021754
021756
021757
021758
021760
021761
021762
021764
021766
021767
021768
021769
021770
021771
021772
021773
021774
021776
021778
021779
021780
021781
021782
021783
021784
021786
021787
021788
021791
021792
021794
021796
021797
021798
021799
021800
021801
021802
021803
021806
021808
021809
021810
021812
021813
021814
021815
021816
021818
021819
021821
021822
021823
021824
021825
021826
021827
021828
021829
021832
021833
021834
021835
021836
021837
021840
021841
021842
021843
021844
021845
021846
021848
021849
021851
021853
021854
021855
021856
021857
021858
021859
021860
021861
021862
021864
021865
021867
021869
021870
021871
021872
021873
021874
021875
021879
021881
021882
021883
021884
021885
021886
021887
021888
021889
021891
021893
021894
021896
021898
021899
021901
021903
021904
021905
021906
021907
021909
021911
021912
021914
021915
021916
021917
021919
021920
021921
021923
021924
021925
021926
021928
021929
021930
021931
021932
021933
021934
021935
021936
021937
021938
021939
021941
021942
021943
021945
021946
021947
021948
021949
021950
021951
021952
021955
021956
021957
021958
021959
021960
021963
021964
021965
021966
021967
021969
021970
021971
021972
021973
021974
021975
021977
021980
021981
021982
021983
021985
021986
021987
021988
021989
021990
021991
021994
021996
021997
021998
021999
022000
022001
022002
022003
022004
022005
022006
022007
022008
022009
022011
022012
022013
022015
022016
022017
022018
022019
022020
022022
022023
022024
022025
022026
022027
022028
022031
022032
022033
022034
022035
022036
022037
022038
022039
022040
022042
022043
022044
022045
022046
022049
022050
022051
022052
022053
022054
022055
022057
022058
022059
022060
022061
022062
022064
022065
022066
022067
022068
022070
022071
022072
022073
022074
022075
022076
022079
022080
022081
022082
022083
022084
022085
022086
022089
022091
022092
022093
022094
022095
022097
022098
022100
022102
022103
022105
022106
022107
022109
022110
022111
022112
022113
022114
022116
022117
022118
022119
022120
022122
022123
022125
022126
022129
022131
022133
022134
022135
022136
022137
022138
022139
022140
022142
022143
022144
022145
022146
022147
022148
022149
022152
022153
022154
022157
022159
022160
022161
022162
022163
022164
022166
022167
022168
022169
022170
022171
022172
022174
022175
022177
022178
022179
022180
022181
022183
022184
022185
022186
022187
022188
022189
022191
022193
022194
022195
022196
022198
022199
022200
022201
022202
022204
022205
022206
022209
022210
022211
022212
022213
022214
022215
022216
022218
022219
022221
022223
022224
022226
022227
022229
022231
022232
022233
022234
022238
022239
022241
022242
022243
022244
022245
022248
022249
022250
022254
022255
022258
022259
022260
022261
022262
022264
022266
022267
022268
022270
022271
022272
022273
022275
022276
022277
022278
022279
022280
022281
022282
022283
022284
022285
022286
022287
022288
022289
022290
022291
022292
022293
022294
022295
022296
022297
022298
022299
022300
022301
022303
022304
022306
022307
022308
022309
022310
022311
022313
022314
022317
022318
022319
022320
022322
022324
022325
022326
022327
022328
022329
022330
022331
022332
022333
022334
022339
022340
022341
022342
022343
022344
022345
022346
022347
022348
022349
022350
022351
022352
022353
022355
022356
022357
022358
022363
022364
022365
022366
022367
022368
022369
022370
022371
022373
022374
022375
022376
022377
022378
022380
022381
022382
022383
022385
022388
022389
022390
022391
022392
022393
022394
022395
022396
022397
022399
022400
022401
022402
022403
022406
022407
022408
022410
022411
022412
022413
022414
022415
022416
022417
022419
022420
022422
022423
022425
022426
022427
022428
022429
022430
022431
022432
022434
022435
022436
022437
022438
022439
022441
022442
022443
022444
022445
022446
022449
022450
022451
022453
022454
022455
022456
022457
022459
022461
022462
022463
022464
022465
022466
022467
022468
022470
022472
022474
022475
022478
022480
022481
022482
022484
022485
022486
022488
022489
022490
022492
022493
022495
022496
022497
022498
022499
022500
022501
022502
022503
022504
022507
022508
022509
022510
022511
022512
022513
022515
022516
022517
022518
022519
022521
022522
022523
022525
022526
022527
022528
022530
022531
022532
022537
022538
022539
022540
022541
022543
022544
022546
022547
022548
022550
022551
022552
022553
022554
022555
022556
022558
022559
022560
022561
022562
022563
022564
022565
022566
022568
022569
022570
022571
022572
022573
022574
022575
022576
022577
022578
022579
022580
022582
022583
022584
022585
022586
022587
022588
022589
022591
022592
022593
022594
022595
022596
022598
022600
022601
022602
022603
022604
022605
022606
022607
022608
022609
022610
022611
022612
022613
022614
022616
022617
022618
022620
022622
022623
022625
022626
022628
022630
022631
022632
022633
022634
022636
022637
022638
022639
022640
022641
022642
022643
022645
022646
022647
022648
022649
022650
022651
022652
022653
022654
022655
022656
022657
022658
022659
022660
022661
022663
022664
022665
022666
022669
022670
022672
022673
022674
022675
022677
022678
022681
022682
022683
022684
022685
022687
022688
022689
022690
022691
022692
022693
022695
022696
022697
022699
022702
022703
022704
022705
022707
022709
022710
022711
022712
022713
022714
022715
022716
022717
022719
022720
022721
022722
022724
022725
022726
022727
022728
022729
022730
022731
022732
022733
022734
022735
022736
022737
022738
022739
022740
022741
022742
022743
022745
022748
022752
022753
022754
022756
022757
022758
022761
022762
022763
022764
022765
022766
022768
022770
022771
022772
022774
022775
022776
022777
022779
022780
022782
022783
022784
022785
022786
022788
022791
022792
022793
022794
022795
022798
022799
022801
022802
022803
022804
022805
022806
022808
022809
022810
022811
022814
022815
022816
022817
022818
022819
022820
022821
022822
022823
022824
022825
022826
022827
022828
022829
022830
022832
022833
022834
022835
022836
022837
022839
022841
022842
022843
022844
022847
022848
022850
022852
022854
022856
022857
022858
022859
022860
022861
022862
022863
022864
022866
022867
022868
022869
022870
022872
022873
022875
022876
022877
022878
022879
022880
022881
022882
022883
022884
022885
022886
022888
022890
022891
022892
022893
022894
022896
022897
022898
022899
022900
022903
022904
022905
022907
022908
022909
022910
022911
022913
022914
022915
022916
022917
022918
022919
022921
022922
022923
022925
022926
022927
022928
022929
022930
022931
022932
022933
022935
022937
022938
022939
022940
022941
022942
022943
022944
022945
022946
022949
022950
022951
022952
022954
022955
022956
022957
022958
022959
022960
022961
022962
022963
022964
022965
022966
022967
022968
022969
022970
022972
022974
022976
022978
022979
022980
022981
022982
022983
022984
022985
022986
022987
022988
022989
022990
022991
022993
022994
022995
022996
022997
022998
022999
023000
023001
023002
023005
023006
023007
023008
023009
023010
023011
023012
023013
023014
023015
023018
023019
023020
023021
023023
023024
023025
023026
023027
023028
023029
023030
023031
023032
023033
023034
023035
023036
023038
023039
023040
023042
023043
023044
023045
023046
023047
023048
023050
023051
023053
023054
023056
023057
023058
023059
023060
023061
023063
023064
023065
023066
023067
023069
023070
023073
023076
023077
023078
023079
023080
023081
023083
023084
023085
023086
023087
023088
023089
023090
023092
023093
023094
023095
023097
023098
023100
023101
023102
023104
023105
023106
023107
023109
023110
023113
023115
023116
023117
023118
023119
023121
023122
023124
023125
023127
023129
023130
023131
023133
023134
023135
023136
023137
023138
023139
023140
023141
023142
023143
023145
023146
023147
023148
023149
023150
023153
023154
023155
023158
023161
023162
023163
023164
023167
023168
023170
023173
023175
023176
023177
023179
023180
023181
023182
023183
023184
023185
023186
023188
023189
023190
023191
023192
023193
023194
023195
023197
023199
023200
023201
023202
023203
023204
023205
023206
023207
023208
023209
023210
023212
023213
023214
023216
023217
023219
023220
023222
023223
023224
023225
023226
023227
023228
023229
023230
023233
023234
023236
023237
023238
023239
023240
023241
023242
023243
023244
023245
023246
023247
023248
023249
023251
023254
023255
023256
023260
023262
023264
023265
023266
023267
023269
023270
023271
023272
023273
023274
023275
023276
023279
023280
023281
023282
023283
023284
023285
023286
023287
023288
023290
023291
023292
023293
023295
023296
023297
023298
023302
023303
023304
023305
023306
023307
023308
023310
023311
023312
023315
023316
023317
023318
023319
023320
023321
023322
023323
023324
023325
023326
023327
023328
023329
023331
023332
023334
023336
023337
023338
023340
023341
023342
023343
023344
023345
023346
023349
023350
023352
023353
023354
023356
023357
023358
023360
023361
023362
023364
023365
023366
023367
023368
023369
023370
023372
023373
023374
023375
023376
023377
023378
023379
023380
023381
023382
023383
023384
023386
023387
023390
023391
023392
023393
023394
023395
023397
023399
023400
023401
023402
023403
023404
023405
023406
023407
023408
023409
023410
023411
023412
023413
023414
023415
023416
023419
023421
023422
023424
023426
023427
023428
023430
023431
023432
023433
023434
023435
023436
023437
023438
023439
023441
023442
023443
023444
023445
023446
023449
023450
023451
023452
023453
023454
023455
023456
023459
023460
023461
023462
023463
023465
023466
023468
023469
023470
023471
023472
023473
023474
023475
023477
023478
023479
023480
023481
023482
023483
023484
023485
023486
023487
023488
023490
023491
023492
023493
023494
023497
023498
023499
023501
023502
023503
023508
023509
023510
023511
023512
023513
023514
023516
023518
023519
023520
023521
023523
023524
023525
023528
023529
023530
023532
023533
023534
023535
023536
023537
023538
023539
023540
023541
023542
023544
023545
023547
023548
023549
023550
023552
023553
023554
023555
023556
023557
023559
023560
023561
023562
023563
023564
023565
023566
023568
023569
023570
023571
023572
023573
023574
023575
023576
023577
023578
023580
023581
023582
023583
023584
023585
023586
023587
023588
023589
023590
023591
023595
023596
023597
023599
023601
023602
023603
023604
023605
023606
023607
023608
023609
023610
023612
023613
023614
023617
023619
023621
023622
023624
023625
023626
023627
023628
023629
023631
023632
023633
023634
023635
023636
023637
023638
023640
023641
023642
023644
023645
023646
023647
023648
023649
023650
023651
023652
023654
023655
023656
023658
023659
023660
023662
023663
023664
023665
023666
023667
023668
023669
023670
023672
023673
023674
023675
023676
023679
023680
023682
023683
023684
023685
023686
023687
023688
023689
023690
023692
023695
023697
023698
023699
023700
023702
023703
023704
023706
023708
023711
023712
023713
023714
023716
023718
023719
023721
023722
023723
023724
023726
023727
023728
023731
023732
023733
023734
023736
023737
023738
023740
023741
023742
023743
023744
023745
023747
023748
023749
023750
023751
023752
023754
023755
023756
023757
023758
023759
023760
023762
023763
023765
023766
023768
023769
023771
023772
023773
023774
023775
023776
023777
023778
023779
023781
023782
023783
023784
023785
023786
023787
023788
023789
023790
023791
023792
023793
023794
023797
023798
023799
023800
023802
023803
023806
023807
023808
023810
023811
023813
023814
023817
023818
023819
023820
023821
023822
023823
023824
023826
023827
023828
023829
023830
023831
023832
023833
023834
023835
023836
023837
023838
023839
023840
023841
023842
023843
023844
023845
023846
023847
023849
023850
023851
023852
023853
023855
023856
023857
023860
023862
023863
023864
023866
023867
023868
023869
023870
023871
023872
023873
023874
023875
023876
023877
023878
023879
023880
023881
023882
023883
023884
023885
023886
023887
023888
023889
023890
023891
023892
023895
023896
023897
023899
023901
023903
023904
023906
023908
023909
023910
023911
023913
023914
023915
023916
023917
023918
023919
023920
023921
023922
023923
023924
023925
023926
023927
023928
023929
023930
023931
023932
023933
023934
023935
023936
023937
023939
023940
023942
023943
023944
023945
023946
023947
023948
023949
023950
023951
023953
023955
023956
023957
023958
023959
023961
023962
023963
023964
023965
023966
023967
023968
023969
023970
023971
023972
023973
023974
023975
023976
023977
023978
023979
023982
023983
023984
023985
023986
023987
023988
023990
023991
023992
023993
023994
023995
023996
023998
023999
024000
024001
024002
024003
024004
024005
024006
024007
024008
024010
024011
024012
024013
024014
024015
024016
024018
024019
024021
024022
024023
024024
024025
024026
024027
024028
024029
024030
024031
024032
024033
024035
024036
024037
024039
024040
024041
024042
024045
024046
024047
024048
024050
024051
024052
024054
024055
024057
024058
024060
024061
024062
024063
024065
024066
024067
024068
024069
024070
024071
024072
024073
024074
024075
024076
024077
024078
024079
024080
024081
024082
024083
024084
024085
024086
024087
024089
024090
024091
024093
024094
024095
024096
024098
024099
024101
024102
024103
024104
024105
024106
024107
024108
024109
024110
024111
024113
024114
024116
024117
024119
024120
024121
024122
024124
024125
024126
024127
024129
024130
024131
024133
024134
024135
024136
024138
024139
024140
024141
024142
024143
024144
024145
024147
024148
024151
024152
024154
024155
024156
024157
024158
024159
024160
024161
024162
024163
024164
024165
024166
024167
024168
024169
024170
024171
024172
024173
024174
024175
024176
024177
024179
024180
024181
024182
024183
024185
024186
024188
024189
024192
024193
024196
024197
024198
024200
024202
024203
024204
024206
024207
024208
024209
024211
024212
024214
024215
024216
024218
024219
024220
024221
024222
024223
024224
024225
024226
024227
024228
024229
024231
024232
024233
024235
024236
024238
024239
024240
024241
024242
024243
024245
024247
024248
024249
024250
024251
024252
024253
024254
024256
024258
024259
024260
024263
024265
024266
024267
024268
024269
024270
024271
024272
024274
024277
024278
024279
024281
024282
024284
024285
024286
024287
024288
024291
024292
024293
024294
024295
024296
024297
024299
024301
024302
024304
024305
024306
024308
024309
024311
024312
024313
024314
024315
024316
024317
024318
024320
024321
024322
024324
024326
024327
024329
024330
024331
024332
024333
024334
024335
024336
024337
024338
024339
024340
024343
024344
024347
024348
024349
024350
024351
024354
024355
024356
024357
024358
024360
024362
024363
024364
024365
024368
024369
024371
024373
024374
024375
024376
024377
024378
024379
024381
024382
024383
024384
024385
024386
024387
024388
024389
024390
024391
024394
024395
024396
024398
024399
024400
024401
024402
024403
024404
024405
024406
024407
024409
024410
024411
024412
024413
024416
024418
024419
024420
024421
024423
024424
024425
024426
024428
024430
024431
024432
024434
024436
024437
024438
024439
024440
024441
024443
024444
024445
024446
024447
024448
024449
024450
024451
024453
024454
024455
024457
024458
024459
024460
024461
024462
024463
024464
024465
024466
024467
024468
024469
024470
024471
024472
024473
024474
024475
024476
024477
024480
024482
024483
024484
024486
024488
024489
024490
024491
024492
024493
024494
024496
024497
024498
024499
024500
024501
024502
024503
024504
024505
024507
024508
024509
024510
024511
024513
024514
024515
024516
024517
024519
024520
024521
024522
024523
024524
024525
024528
024529
024530
024531
024532
024533
024534
024535
024536
024537
024538
024539
024540
024541
024542
024543
024544
024545
024546
024547
024548
024549
024550
024551
024552
024553
024554
024555
024556
024558
024559
024560
024561
024562
024564
024566
024567
024568
024569
024571
024572
024573
024574
024575
024576
024577
024578
024579
024581
024582
024583
024584
024585
024586
024588
024589
024590
024591
024592
024593
024595
024596
024597
024598
024599
024601
024603
024604
024605
024606
024607
024608
024609
024610
024611
024613
024615
024617
024618
024620
024621
024624
024625
024626
024627
024628
024629
024630
024631
024633
024634
024635
024636
024637
024638
024640
024641
024642
024646
024647
024651
024654
024655
024656
024657
024658
024659
024660
024661
024663
024664
024666
024667
024668
024669
024670
024671
024672
024674
024675
024677
024678
024679
024680
024681
024682
024683
024684
024685
024686
024687
024689
024690
024691
024692
024693
024694
024695
024696
024697
024698
024699
024700
024701
024703
024705
024708
024709
024710
024711
024712
024713
024714
024715
024716
024717
024718
024719
024720
024721
024723
024724
024726
024727
024728
024729
024730
024731
024733
024734
024735
024737
024738
024739
024740
024742
024743
024744
024745
024746
024748
024750
024751
024754
024755
024756
024757
024759
024760
024762
024763
024765
024766
024767
024768
024769
024770
024772
024774
024775
024776
024777
024778
024779
024780
024781
024782
024784
024785
024786
024787
024788
024789
024790
024791
024792
024794
024795
024796
024798
024799
024800
024801
024802
024803
024804
024807
024808
024810
024813
024814
024818
024819
024820
024821
024824
024826
024827
024828
024830
024832
024833
024834
024835
024836
024837
024838
024839
024840
024841
024842
024843
024844
024845
024846
024847
024848
024850
024851
024852
024854
024855
024856
024857
024858
024859
024861
024862
024863
024864
024865
024866
024867
024868
024869
024871
024872
024874
024875
024876
024877
024878
024879
024880
024881
024882
024883
024884
024885
024886
024887
024890
024891
024892
024893
024894
024897
024898
024900
024904
024905
024906
024907
024908
024909
024911
024912
024913
024916
024919
024920
024922
024923
024924
024926
024927
024928
024929
024930
024931
024935
024936
024937
024938
024940
024941
024942
024943
024944
024945
024947
024951
024952
024953
024954
024955
024956
024957
024958
024959
024961
024962
024963
024964
024965
024966
024967
024969
024970
024971
024972
024973
024974
024975
024976
024979
024980
024981
024982
024983
024984
024985
024986
024987
024988
024989
024990
024991
024993
024994
024995
024996
024997
024998
025000
025001
025002
025003
025004
025005
025007
025008
025010
025011
025012
025013
025014
025015
025017
025018
025019
025020
025021
025022
025023
025024
025025
025026
025027
025029
025031
025032
025033
025034
025036
025037
025038
025039
025040
025041
025042
025043
025045
025046
025047
025048
025049
025050
025051
025052
025054
025055
025057
025058
025059
025060
025061
025062
025063
025064
025066
025067
025069
025071
025072
025073
025074
025076
025077
025079
025080
025081
025082
025083
025084
025085
025086
025087
025089
025090
025091
025092
025093
025094
025095
025097
025098
025100
025101
025102
025103
025104
025105
025106
025107
025108
025109
025110
025112
025113
025114
025115
025117
025118
025119
025120
025122
025123
025124
025125
025127
025128
025129
025130
025131
025132
025135
025136
025137
025138
025139
025140
025142
025143
025144
025145
025146
025148
025149
025150
025151
025152
025154
025155
025156
025157
025158
025159
025161
025162
025163
025164
025166
025167
025168
025169
025171
025172
025174
025175
025176
025178
025179
025180
025181
025182
025183
025185
025186
025187
025188
025189
025190
025193
025194
025195
025196
025197
025198
025199
025200
025201
025202
025203
025204
025205
025208
025209
025211
025212
025213
025215
025216
025217
025218
025219
025220
025221
025222
025223
025224
025225
025226
025227
025228
025229
025230
025231
025232
025233
025234
025235
025236
025237
025238
025239
025241
025242
025243
025244
025245
025248
025249
025250
025251
025252
025253
025254
025255
025257
025259
025260
025261
025263
025264
025266
025267
025268
025269
025271
025272
025273
025274
025275
025276
025277
025279
025281
025284
025285
025286
025287
025288
025289
025291
025292
025293
025294
025295
025296
025297
025298
025299
025300
025301
025302
025303
025304
025305
025306
025307
025308
025309
025310
025311
025312
025313
025315
025316
025318
025319
025320
025321
025322
025324
025325
025326
025327
025328
025329
025330
025331
025332
025333
025334
025335
025336
025337
025338
025339
025340
025342
025343
025344
025345
025346
025347
025348
025351
025352
025353
025354
025355
025356
025359
025360
025361
025362
025363
025364
025366
025367
025368
025369
025371
025372
025373
025374
025375
025378
025380
025381
025382
025383
025384
025386
025387
025388
025389
025390
025391
025392
025393
025394
025396
025398
025399
025400
025401
025402
025403
025404
025405
025406
025407
025408
025410
025411
025412
025413
025414
025415
025416
025419
025420
025421
025423
025425
025426
025428
025429
025431
025432
025433
025434
025435
025436
025437
025438
025439
025440
025441
025443
025444
025445
025446
025447
025448
025449
025450
025451
025452
025453
025454
025456
025458
025460
025461
025462
025463
025464
025466
025468
025469
025470
025472
025473
025474
025478
025479
025482
025483
025484
025485
025486
025487
025488
025489
025490
025492
025493
025494
025495
025496
025497
025498
025499
025501
025502
025505
025506
025507
025508
025509
025512
025513
025514
025516
025518
025519
025520
025521
025522
025524
025526
025528
025530
025531
025532
025533
025535
025536
025537
025540
025541
025542
025543
025544
025545
025547
025548
025550
025551
025552
025553
025555
025556
025557
025558
025559
025560
025561
025562
025563
025565
025568
025570
025571
025572
025573
025574
025575
025576
025577
025578
025580
025581
025582
025583
025584
025585
025586
025587
025588
025590
025591
025592
025593
025594
025597
025598
025599
025600
025601
025602
025603
025604
025605
025606
025607
025608
025609
025611
025613
025615
025616
025617
025618
025619
025620
025621
025622
025623
025624
025625
025626
025627
025628
025629
025630
025631
025632
025633
025634
025636
025638
025639
025640
025641
025642
025643
025644
025645
025646
025649
025650
025651
025653
025654
025657
025658
025659
025662
025663
025664
025665
025666
025669
025670
025671
025672
025673
025674
025675
025677
025678
025679
025680
025681
025682
025683
025684
025685
025686
025687
025688
025690
025691
025693
025694
025695
025696
025698
025699
025700
025701
025702
025704
025705
025706
025707
025709
025710
025712
025713
025714
025715
025716
025718
025719
025720
025721
025722
025724
025725
025727
025729
025730
025731
025732
025733
025734
025735
025736
025738
025739
025740
025744
025746
025748
025749
025750
025751
025752
025754
025755
025756
025757
025758
025759
025760
025761
025763
025764
025765
025767
025768
025769
025770
025771
025772
025774
025775
025776
025777
025779
025780
025781
025782
025784
025785
025786
025787
025788
025789
025790
025791
025792
025793
025794
025795
025797
025798
025799
025800
025802
025804
025805
025806
025807
025808
025809
025810
025813
025814
025815
025816
025817
025818
025819
025820
025821
025822
025823
025824
025825
025826
025827
025828
025829
025830
025831
025832
025833
025834
025835
025836
025837
025839
025840
025841
025842
025843
025844
025845
025846
025847
025848
025851
025852
025853
025854
025855
025856
025857
025858
025859
025860
025861
025862
025863
025865
025866
025867
025868
025870
025872
025873
025874
025875
025876
025878
025879
025880
025881
025882
025885
025886
025887
025888
025890
025891
025892
025893
025894
025896
025897
025898
025899
025900
025901
025902
025903
025905
025906
025907
025908
025909
025910
025911
025913
025914
025915
025916
025919
025920
025923
025924
025925
025926
025927
025928
025929
025930
025931
025932
025933
025935
025938
025939
025941
025942
025944
025945
025946
025947
025948
025949
025950
025951
025952
025954
025955
025957
025958
025959
025960
025961
025962
025964
025965
025967
025968
025970
025972
025975
025976
025977
025980
025982
025984
025985
025986
025987
025988
025989
025990
025991
025993
025994
025995
025996
025997
025998
025999
026000
026001
026002
026003
026004
026005
026006
026007
026009
026010
026011
026014
026015
026016
026017
026019
026020
026022
026024
026026
026027
026028
026029
026030
026031
026032
026033
026034
026035
026037
026038
026039
026040
026041
026042
026044
026045
026046
026047
026048
026049
026050
026052
026053
026054
026055
026056
026057
026058
026059
026060
026061
026062
026063
026064
026065
026066
026067
026068
026069
026070
026071
026072
026073
026074
026075
026076
026077
026078
026079
026080
026082
026083
026084
026086
026087
026088
026089
026091
026092
026093
026094
026095
026096
026097
026098
026099
026100
026101
026102
026103
026104
026105
026107
026108
026109
026111
026112
026113
026114
026115
026116
026117
026118
026119
026120
026124
026125
026126
026127
026128
026129
026130
026132
026133
026135
026136
026137
026138
026139
026141
026142
026143
026144
026145
026146
026147
026148
026149
026150
026151
026152
026154
026155
026156
026157
026158
026159
026160
026161
026162
026163
026164
026165
026166
026167
026168
026169
026170
026171
026172
026173
026174
026175
026176
026178
026179
026180
026181
026183
026184
026185
026186
026187
026188
026189
026190
026191
026193
026194
026195
026196
026197
026199
026200
026202
026203
026204
026205
026207
026209
026210
026213
026214
026216
026217
026218
026220
026221
026222
026224
026225
026226
026227
026228
026229
026230
026232
026233
026234
026235
026237
026238
026239
026240
026241
026242
026243
026244
026246
026247
026249
026250
026253
026255
026256
026257
026259
026262
026263
026264
026265
026266
026267
026268
026270
026271
026273
026274
026275
026276
026278
026279
026280
026281
026282
026284
026286
026287
026288
026289
026290
026291
026292
026293
026294
026295
026296
026297
026298
026299
026302
026303
026304
026305
026307
026308
026309
026310
026311
026312
026313
026314
026315
026316
026317
026319
026320
026321
026322
026325
026326
026327
026328
026329
026330
026331
026332
026334
026335
026336
026338
026339
026340
026341
026344
026345
026346
026347
026348
026349
026351
026352
026353
026354
026355
026356
026357
026358
026359
026360
026361
026362
026363
026364
026365
026367
026369
026370
026371
026372
026373
026374
026375
026376
026377
026378
026379
026380
026381
026382
026383
026384
026386
026387
026388
026389
026390
026391
026393
026394
026395
026396
026398
026399
026400
026401
026402
026404
026405
026406
026407
026408
026409
026413
026414
026416
026418
026419
026420
026421
026423
026424
026425
026426
026427
026428
026429
026430
026431
026432
026433
026434
026435
026436
026437
026438
026439
026440
026442
026443
026444
026445
026446
026447
026448
026449
026452
026453
026454
026455
026457
026459
026460
026461
026463
026467
026468
026469
026470
026471
026472
026473
026474
026475
026476
026478
026479
026480
026484
026486
026487
026489
026490
026491
026492
026493
026494
026495
026496
026497
026498
026499
026500
026502
026503
026504
026505
026506
026511
026512
026513
026514
026515
026517
026518
026519
026521
026522
026523
026524
026526
026527
026528
026529
026530
026531
026533
026534
026535
026536
026537
026538
026539
026540
026541
026542
026543
026544
026545
026546
026547
026548
026550
026551
026553
026554
026555
026556
026558
026559
026560
026561
026562
026563
026564
026565
026567
026568
026569
026570
026571
026572
026573
026575
026576
026578
026579
026580
026581
026582
026583
026584
026585
026586
026588
026589
026590
026591
026592
026593
026595
026597
026598
026599
026600
026601
026602
026603
026604
026605
026607
026608
026609
026610
026611
026612
026613
026614
026615
026616
026617
026618
026619
026621
026622
026623
026625
026627
026628
026629
026630
026632
026633
026634
026635
026636
026637
026638
026639
026640
026644
026645
026646
026647
026648
026650
026652
026654
026655
026656
026657
026659
026660
026662
026664
026665
026666
026667
026668
026669
026670
026671
026673
026675
026677
026678
026679
026680
026681
026682
026683
026684
026686
026687
026690
026691
026693
026694
026695
026696
026697
026698
026699
026701
026703
026704
026705
026706
026707
026708
026709
026710
026712
026713
026715
026716
026717
026719
026720
026721
026722
026723
026724
026725
026727
026728
026729
026730
026731
026732
026733
026734
026735
026736
026737
026738
026739
026740
026741
026744
026745
026747
026748
026750
026752
026753
026754
026755
026756
026757
026758
026759
026760
026762
026763
026764
026766
026767
026769
026771
026772
026774
026776
026777
026778
026779
026780
026781
026782
026783
026784
026785
026786
026787
026789
026790
026791
026792
026793
026795
026796
026797
026798
026799
026800
026801
026803
026804
026805
026806
026807
026808
026810
026811
026812
026814
026815
026816
026817
026819
026820
026821
026822
026823
026824
026825
026826
026827
026828
026830
026831
026832
026833
026834
026835
026836
026837
026839
026841
026842
026843
026844
026845
026846
026848
026849
026850
026852
026854
026855
026856
026857
026858
026859
026860
026861
026862
026863
026864
026865
026868
026869
026870
026871
026873
026874
026875
026877
026878
026879
026880
026881
026882
026883
026884
026885
026887
026888
026889
026890
026891
026892
026893
026895
026896
026897
026898
026900
026901
026902
026903
026904
026905
026906
026907
026909
026910
026911
026913
026914
026916
026917
026918
026919
026920
026921
026922
026923
026924
026925
026926
026927
026928
026929
026931
026932
026934
026935
026936
026937
026939
026940
026941
026942
026943
026944
026946
026947
026948
026950
026953
026954
026955
026957
026958
026959
026960
026962
026964
026965
026969
026970
026971
026972
026973
026974
026975
026977
026979
026980
026981
026982
026983
026984
026986
026988
026990
026992
026993
026994
026995
026996
026997
026998
026999
027000
027001
027003
027004
027005
027007
027008
027010
027011
027013
027014
027015
027016
027018
027019
027020
027021
027023
027024
027026
027027
027028
027029
027030
027031
027032
027033
027034
027035
027039
027040
027041
027042
027043
027046
027047
027048
027049
027050
027052
027055
027056
027058
027063
027064
027065
027066
027067
027068
027070
027071
027072
027073
027074
027076
027077
027078
027079
027080
027081
027082
027084
027085
027086
027088
027089
027091
027092
027094
027095
027096
027097
027098
027099
027100
027101
027102
027103
027104
027106
027107
027108
027111
027112
027113
027114
027115
027116
027117
027118
027119
027121
027122
027123
027124
027125
027126
027127
027128
027129
027130
027131
027132
027133
027134
027135
027136
027138
027139
027140
027141
027143
027144
027147
027148
027149
027150
027151
027154
027155
027156
027157
027158
027160
027161
027162
027163
027164
027166
027168
027169
027170
027171
027172
027173
027174
027175
027176
027177
027178
027180
027181
027182
027183
027185
027186
027187
027188
027189
027190
027191
027192
027193
027194
027195
027196
027197
027198
027199
027200
027201
027202
027203
027205
027207
027209
027210
027212
027213
027214
027215
027216
027217
027218
027219
027220
027221
027222
027225
027227
027228
027230
027231
027232
027233
027234
027235
027236
027237
027238
027239
027240
027241
027242
027244
027245
027246
027247
027249
027250
027251
027253
027254
027256
027257
027258
027259
027260
027261
027262
027265
027266
027267
027268
027269
027270
027271
027273
027274
027275
027276
027279
027280
027281
027282
027283
027284
027285
027288
027289
027290
027291
027294
027295
027297
027299
027300
027301
027302
027303
027304
027305
027306
027307
027308
027310
027311
027312
027313
027314
027315
027316
027317
027319
027320
027321
027322
027323
027324
027325
027327
027331
027332
027334
027335
027337
027338
027339
027340
027341
027342
027344
027345
027348
027349
027350
027351
027352
027354
027355
027357
027359
027360
027361
027362
027363
027364
027365
027366
027368
027369
027370
027371
027372
027374
027375
027376
027377
027378
027379
027380
027381
027382
027383
027384
027385
027386
027387
027389
027390
027391
027392
027393
027394
027395
027396
027397
027398
027399
027400
027401
027402
027403
027404
027406
027407
027408
027409
027410
027411
027412
027413
027414
027415
027416
027417
027419
027420
027421
027422
027423
027424
027425
027426
027427
027428
027429
027430
027431
027432
027434
027435
027436
027437
027439
027440
027441
027443
027444
027445
027446
027448
027449
027450
027451
027452
027453
027454
027455
027456
027460
027461
027462
027463
027464
027465
027466
027467
027468
027469
027472
027473
027474
027475
027476
027477
027479
027480
027481
027483
027485
027486
027487
027488
027489
027490
027492
027494
027495
027496
027497
027498
027499
027501
027502
027503
027504
027507
027508
027509
027510
027511
027512
027513
027514
027515
027517
027518
027519
027520
027522
027523
027524
027525
027526
027527
027528
027529
027530
027531
027532
027533
027536
027537
027539
027540
027541
027543
027544
027545
027546
027547
027548
027549
027550
027552
027553
027554
027555
027557
027558
027559
027560
027562
027563
027565
027566
027568
027569
027570
027572
027573
027574
027575
027577
027578
027579
027580
027582
027584
027585
027586
027587
027589
027594
027595
027596
027598
027600
027601
027602
027605
027606
027607
027609
027610
027611
027613
027615
027617
027618
027619
027620
027621
027622
027623
027624
027625
027626
027627
027628
027630
027631
027632
027633
027634
027636
027637
027638
027639
027640
027641
027642
027643
027644
027645
027646
027647
027648
027650
027651
027652
027653
027654
027655
027657
027658
027660
027661
027662
027663
027664
027665
027666
027667
027669
027670
027671
027672
027673
027674
027676
027677
027678
027679
027681
027684
027685
027687
027689
027690
027691
027692
027694
027695
027696
027697
027698
027699
027700
027701
027703
027704
027705
027706
027707
027708
027709
027710
027713
027714
027715
027716
027717
027719
027720
027721
027722
027723
027725
027727
027728
027729
027730
027732
027733
027734
027735
027736
027737
027738
027739
027740
027741
027742
027743
027745
027746
027747
027748
027749
027751
027754
027755
027756
027757
027758
027760
027761
027762
027765
027766
027767
027769
027770
027771
027772
027773
027775
027776
027777
027779
027781
027782
027783
027784
027785
027786
027787
027788
027789
027790
027791
027792
027793
027794
027795
027796
027798
027800
027801
027802
027803
027804
027805
027806
027807
027808
027810
027811
027812
027813
027814
027816
027817
027819
027820
027821
027822
027824
027827
027828
027829
027832
027833
027834
027835
027838
027839
027840
027841
027843
027844
027845
027846
027849
027850
027851
027852
027854
027855
027856
027857
027858
027859
027860
027861
027863
027864
027866
027867
027869
027870
027871
027872
027874
027877
027878
027880
027881
027882
027883
027884
027885
027886
027887
027888
027889
027890
027891
027892
027894
027895
027896
027897
027898
027899
027900
027901
027902
027903
027904
027905
027906
027907
027908
027909
027910
027912
027913
027914
027916
027917
027918
027919
027921
027922
027924
027925
027926
027927
027929
027930
027932
027933
027934
027935
027936
027937
027938
027939
027940
027941
027942
027943
027944
027946
027948
027949
027950
027951
027952
027953
027955
027956
027957
027958
027959
027960
027961
027962
027963
027966
027967
027968
027969
027971
027972
027973
027974
027975
027976
027977
027978
027979
027980
027981
027982
027983
027984
027985
027987
027988
027989
027990
027991
027992
027993
027994
027995
027997
027998
027999
028000
028001
028002
028003
028004
028005
028006
028007
028009
028010
028011
028012
028014
028015
028016
028017
028018
028019
028020
028021
028022
028023
028024
028026
028027
028028
028029
028032
028034
028035
028036
028037
028038
028039
028040
028041
028042
028043
028044
028045
028046
028047
028050
028051
028052
028053
028054
028056
028059
028062
028063
028066
028067
028068
028069
028070
028071
028073
028074
028075
028076
028077
028079
028080
028081
028082
028083
028084
028085
028086
028087
028088
028089
028090
028091
028092
028093
028094
028095
028096
028097
028098
028100
028101
028102
028103
028104
028106
028107
028108
028109
028110
028111
028112
028113
028114
028115
028116
028117
028118
028119
028121
028123
028125
028126
028127
028130
028131
028132
028134
028135
028137
028139
028140
028141
028142
028143
028144
028146
028147
028148
028149
028150
028153
028154
028155
028156
028158
028159
028161
028162
028163
028164
028166
028167
028168
028169
028171
028172
028174
028175
028176
028177
028179
028180
028181
028182
028183
028186
028187
028188
028191
028192
028193
028194
028195
028197
028199
028200
028201
028202
028203
028204
028205
028208
028209
028210
028211
028212
028213
028214
028215
028216
028217
028218
028219
028220
028221
028222
028223
028224
028225
028226
028227
028228
028229
028230
028231
028232
028233
028234
028235
028237
028238
028239
028240
028241
028242
028245
028246
028247
028252
028253
028254
028255
028257
028258
028259
028260
028261
028262
028263
028264
028265
028268
028269
028270
028271
028272
028273
028274
028276
028277
028278
028279
028280
028281
028282
028283
028284
028285
028287
028288
028289
028290
028291
028293
028294
028295
028296
028297
028299
028302
028303
028304
028305
028306
028307
028308
028310
028311
028314
028315
028316
028318
028320
028321
028322
028323
028327
028328
028329
028331
028332
028333
028334
028335
028336
028337
028338
028339
028341
028342
028343
028344
028345
028346
028348
028349
028350
028351
028352
028353
028354
028355
028356
028359
028360
028362
028363
028364
028366
028367
028368
028369
028370
028372
028373
028374
028375
028376
028377
028379
028381
028382
028383
028385
028386
028387
028388
028389
028391
028394
028395
028396
028399
028400
028401
028402
028405
028406
028407
028408
028409
028410
028411
028412
028413
028414
028415
028416
028419
028420
028421
028422
028423
028425
028427
028428
028430
028431
028432
028433
028434
028435
028436
028438
028440
028441
028442
028444
028445
028446
028447
028449
028450
028451
028452
028453
028454
028456
028457
028458
028459
028461
028462
028463
028464
028465
028466
028467
028468
028470
028471
028474
028476
028478
028479
028480
028481
028482
028483
028484
028485
028486
028487
028488
028489
028490
028491
028492
028493
028494
028495
028496
028497
028499
028502
028503
028505
028506
028508
028511
028512
028513
028514
028516
028517
028518
028519
028520
028521
028522
028524
028525
028526
028527
028529
028531
028532
028534
028535
028536
028537
028539
028540
028541
028542
028543
028544
028545
028546
028549
028550
028551
028552
028554
028555
028556
028557
028559
028560
028561
028562
028563
028564
028565
028566
028567
028568
028569
028570
028571
028572
028573
028574
028575
028576
028577
028578
028579
028580
028581
028583
028585
028587
028589
028590
028591
028592
028595
028596
028597
028598
028600
028601
028602
028603
028604
028605
028607
028608
028610
028611
028612
028613
028617
028618
028619
028620
028622
028623
028624
028626
028627
028628
028629
028630
028633
028634
028635
028636
028638
028639
028640
028641
028643
028644
028645
028648
028649
028650
028651
028652
028653
028654
028656
028657
028658
028659
028660
028661
028662
028663
028664
028665
028666
028667
028668
028669
028670
028671
028672
028673
028675
028676
028677
028678
028679
028681
028682
028683
028684
028685
028686
028687
028688
028691
028692
028693
028694
028696
028697
028699
028700
028701
028703
028704
028706
028707
028709
028710
028711
028712
028713
028714
028715
028716
028717
028718
028719
028720
028723
028724
028725
028726
028727
028728
028729
028730
028731
028734
028736
028737
028738
028739
028740
028741
028742
028744
028745
028746
028748
028749
028750
028751
028752
028753
028755
028756
028757
028758
028759
028760
028763
028764
028765
028766
028768
028769
028770
028771
028772
028774
028777
028778
028781
028782
028784
028785
028786
028788
028790
028791
028793
028794
028795
028796
028797
028798
028799
028800
028801
028802
028804
028805
028806
028807
028809
028810
028811
028812
028813
028814
028816
028817
028818
028819
028821
028822
028823
028824
028825
028827
028828
028829
028832
028833
028834
028835
028836
028837
028838
028840
028841
028842
028844
028845
028846
028847
028848
028849
028852
028853
028854
028857
028858
028860
028861
028862
028863
028865
028867
028868
028869
028870
028871
028872
028873
028874
028876
028879
028880
028881
028883
028884
028885
028886
028887
028888
028889
028891
028892
028895
028896
028898
028899
028900
028901
028902
028904
028905
028906
028907
028908
028910
028911
028912
028913
028914
028915
028916
028917
028921
028922
028923
028924
028925
028926
028927
028928
028929
028930
028931
028932
028933
028934
028935
028936
028938
028940
028941
028942
028943
028945
028946
028947
028949
028951
028952
028953
028954
028955
028957
028958
028959
028960
028961
028962
028963
028965
028967
028969
028970
028971
028972
028973
028976
028977
028978
028979
028980
028981
028984
028985
028986
028988
028989
028991
028992
028993
028994
028995
028996
028997
028998
029001
029002
029004
029005
029006
029007
029008
029009
029010
029013
029014
029015
029016
029019
029021
029022
029023
029024
029025
029027
029028
029030
029031
029034
029035
029037
029038
029039
029040
029041
029043
029044
029045
029046
029047
029048
029049
029051
029053
029054
029055
029056
029057
029058
029060
029061
029062
029063
029064
029065
029066
029067
029069
029070
029071
029073
029074
029075
029076
029077
029078
029079
029081
029082
029083
029084
029085
029086
029087
029088
029089
029090
029091
029092
029093
029094
029095
029096
029097
029099
029100
029101
029103
029104
029105
029106
029107
029109
029110
029114
029115
029117
029119
029122
029123
029124
029125
029126
029128
029129
029130
029131
029132
029133
029134
029135
029136
029137
029138
029141
029144
029145
029146
029147
029148
029150
029151
029152
029154
029155
029156
029157
029159
029160
029161
029162
029163
029166
029167
029168
029169
029170
029171
029172
029174
029175
029176
029177
029178
029179
029180
029181
029182
029184
029185
029186
029187
029188
029189
029190
029191
029192
029193
029195
029196
029198
029199
029200
029202
029203
029205
029206
029207
029208
029209
029210
029211
029212
029213
029215
029216
029218
029219
029221
029223
029224
029226
029227
029228
029229
029230
029232
029233
029234
029235
029236
029238
029240
029241
029243
029244
029245
029246
029248
029249
029250
029251
029253
029254
029255
029256
029257
029258
029259
029261
029262
029264
029265
029267
029268
029269
029270
029271
029273
029274
029276
029277
029278
029279
029281
029282
029283
029284
029286
029287
029288
029289
029290
029291
029292
029293
029295
029296
029297
029298
029299
029300
029301
029302
029303
029304
029305
029306
029307
029309
029310
029312
029313
029314
029315
029316
029317
029318
029320
029321
029322
029323
029324
029325
029326
029327
029328
029329
029331
029332
029333
029334
029335
029336
029337
029339
029340
029341
029343
029345
029346
029347
029348
029349
029350
029351
029353
029354
029355
029356
029357
029358
029361
029362
029363
029364
029366
029367
029368
029369
029371
029372
029373
029374
029375
029376
029379
029380
029382
029386
029387
029388
029389
029391
029392
029394
029395
029397
029398
029399
029400
029401
029402
029404
029405
029406
029408
029409
029410
029411
029412
029414
029415
029416
029418
029419
029422
029423
029424
029426
029427
029429
029431
029432
029434
029435
029436
029437
029438
029439
029440
029441
029442
029443
029444
029445
029446
029447
029448
029449
029450
029452
029453
029454
029455
029456
029457
029458
029460
029462
029463
029465
029466
029467
029468
029469
029470
029472
029473
029474
029475
029476
029477
029478
029479
029482
029484
029485
029486
029487
029488
029489
029490
029491
029493
029494
029495
029496
029497
029498
029499
029500
029501
029502
029503
029504
029505
029506
029507
029508
029509
029510
029511
029512
029513
029514
029515
029519
029520
029521
029522
029523
029524
029525
029526
029527
029528
029529
029530
029531
029532
029533
029534
029535
029537
029538
029539
029540
029541
029542
029543
029544
029545
029546
029547
029548
029549
029550
029551
029552
029553
029554
029555
029556
029560
029561
029562
029563
029564
029565
029566
029567
029569
029572
029573
029574
029575
029576
029577
029578
029580
029581
029583
029584
029585
029586
029587
029588
029589
029590
029592
029593
029594
029595
029596
029597
029600
029603
029605
029606
029607
029608
029609
029610
029611
029612
029613
029614
029615
029616
029617
029619
029620
029621
029622
029623
029625
029626
029627
029628
029629
029630
029631
029632
029633
029634
029635
029637
029641
029642
029643
029644
029645
029649
029650
029652
029653
029654
029655
029656
029657
029658
029659
029661
029662
029663
029664
029665
029666
029669
029670
029671
029674
029675
029676
029679
029680
029681
029682
029683
029684
029685
029686
029690
029691
029692
029693
029694
029695
029696
029697
029698
029699
029700
029701
029702
029703
029705
029706
029707
029708
029709
029710
029711
029713
029714
029715
029716
029717
029718
029719
029720
029721
029722
029723
029724
029725
029726
029727
029728
029730
029731
029734
029735
029736
029737
029738
029739
029740
029741
029743
029744
029745
029746
029747
029748
029749
029751
029753
029754
029755
029756
029758
029759
029760
029762
029763
029764
029765
029766
029767
029769
029770
029771
029772
029773
029774
029775
029776
029777
029778
029779
029780
029781
029782
029783
029785
029786
029787
029788
029793
029794
029795
029796
029797
029798
029799
029800
029801
029803
029804
029805
029806
029807
029809
029810
029811
029812
029813
029815
029816
029817
029819
029820
029821
029822
029823
029824
029825
029826
029827
029828
029829
029830
029832
029833
029834
029835
029838
029840
029841
029842
029844
029845
029846
029847
029848
029849
029850
029852
029853
029854
029855
029857
029858
029860
029861
029862
029863
029864
029865
029866
029867
029868
029869
029871
029872
029873
029874
029875
029876
029877
029878
029879
029880
029881
029882
029883
029884
029885
029886
029887
029888
029889
029890
029893
029895
029896
029898
029899
029901
029902
029903
029904
029905
029906
029907
029908
029909
029912
029913
029914
029915
029916
029917
029918
029919
029920
029921
029922
029923
029924
029925
029926
029927
029928
029931
029933
029934
029935
029936
029937
029938
029939
029940
029941
029942
029943
029944
029945
029947
029949
029950
029951
029952
029954
029955
029956
029957
029958
029959
029960
029961
029962
029963
029964
029965
029968
029969
029971
029972
029973
029974
029975
029976
029977
029978
029979
029981
029982
029983
029984
029985
029986
029989
029991
029992
029993
029994
029995
029996
029997
029998
029999
030001
030002
030003
030004
030005
030007
030008
030010
030011
030012
030013
030014
030015
030016
030018
030019
030020
030021
030023
030024
030025
030026
030028
030029
030033
030035
030037
030038
030039
030040
030041
030042
030044
030045
030047
030049
030050
030052
030053
030054
030055
030056
030057
030058
030060
030061
030062
030064
030065
030066
030067
030068
030069
030070
030071
030072
030073
030074
030075
030076
030078
030079
030080
030082
030083
030084
030085
030086
030087
030088
030089
030090
030091
030092
030093
030094
030095
030096
030097
030098
030100
030101
030102
030104
030105
030106
030107
030108
030110
030111
030112
030113
030114
030115
030116
030117
030118
030120
030121
030122
030124
030125
030127
030128
030129
030130
030131
030133
030134
030135
030137
030139
030140
030141
030142
030143
030144
030145
030146
030147
030148
030149
030151
030152
030153
030155
030156
030157
030158
030160
030161
030163
030164
030165
030166
030167
030168
030169
030171
030173
030174
030175
030176
030178
030181
030182
030183
030185
030186
030188
030189
030191
030192
030193
030194
030196
030197
030200
030201
030202
030205
030207
030208
030209
030210
030211
030212
030213
030214
030215
030217
030219
030220
030222
030226
030227
030228
030230
030231
030232
030234
030235
030237
030238
030239
030240
030241
030242
030243
030244
030245
030246
030247
030248
030249
030250
030253
030254
030256
030257
030258
030259
030260
030262
030264
030266
030268
030269
030270
030271
030272
030273
030275
030276
030277
030278
030279
030281
030282
030283
030284
030288
030289
030291
030292
030293
030294
030295
030296
030297
030298
030300
030301
030302
030305
030306
030307
030308
030310
030311
030312
030313
030314
030315
030316
030317
030318
030319
030320
030322
030323
030324
030326
030327
030328
030329
030331
030332
030333
030334
030335
030337
030338
030340
030341
030342
030343
030344
030345
030346
030347
030348
030350
030352
030353
030354
030355
030357
030359
030361
030362
030363
030364
030366
030367
030368
030369
030370
030371
030372
030373
030374
030375
030376
030377
030378
030379
030380
030381
030382
030384
030386
030387
030388
030389
030390
030391
030392
030393
030396
030397
030398
030399
030401
030402
030403
030405
030406
030407
030408
030409
030411
030412
030413
030414
030415
030416
030417
030418
030419
030420
030421
030422
030427
030428
030431
030434
030435
030436
030437
030438
030439
030440
030441
030442
030443
030444
030445
030446
030447
030449
030450
030451
030453
030454
030455
030456
030457
030458
030459
030460
030461
030462
030463
030465
030466
030467
030468
030469
030470
030471
030472
030473
030475
030476
030477
030478
030479
030480
030482
030483
030485
030486
030487
030489
030491
030492
030493
030494
030495
030497
030498
030501
030502
030503
030505
030506
030507
030508
030510
030511
030513
030515
030517
030518
030519
030520
030521
030522
030523
030524
030525
030526
030528
030529
030530
030531
030532
030533
030534
030535
030537
030538
030539
030540
030541
030543
030544
030545
030546
030547
030548
030549
030551
030552
030553
030554
030555
030556
030557
030560
030561
030562
030563
030564
030565
030567
030569
030570
030571
030572
030573
030574
030576
030577
030578
030579
030580
030581
030582
030583
030584
030585
030587
030588
030589
030590
030591
030592
030593
030594
030595
030596
030597
030598
030599
030600
030601
030602
030603
030604
030605
030606
030607
030608
030610
030611
030612
030613
030615
030616
030617
030618
030619
030620
030621
030624
030625
030626
030627
030628
030629
030630
030631
030632
030634
030637
030638
030639
030640
030641
030642
030643
030644
030645
030646
030648
030649
030650
030651
030652
030653
030655
030658
030659
030660
030661
030662
030663
030664
030666
030667
030669
030670
030671
030672
030673
030674
030675
030677
030678
030679
030680
030681
030682
030683
030684
030685
030686
030687
030689
030690
030692
030693
030695
030696
030697
030698
030699
030700
030701
030702
030703
030704
030705
030706
030707
030708
030709
030710
030713
030714
030715
030716
030717
030718
030719
030720
030721
030723
030724
030726
030727
030728
030730
030731
030732
030734
030736
030737
030738
030740
030741
030742
030745
030746
030748
030749
030750
030751
030753
030754
030756
030757
030758
030759
030760
030761
030762
030764
030765
030768
030769
030770
030771
030772
030773
030774
030776
030777
030778
030779
030782
030783
030784
030785
030786
030787
030788
030789
030790
030791
030792
030793
030794
030795
030796
030797
030798
030799
030800
030802
030804
030805
030809
030810
030811
030812
030813
030814
030816
030817
030818
030819
030820
030821
030822
030824
030825
030826
030828
030829
030830
030832
030833
030834
030835
030836
030837
030838
030839
030841
030844
030845
030846
030847
030848
030850
030851
030854
030855
030856
030858
030859
030860
030861
030862
030863
030864
030865
030866
030867
030868
030869
030870
030871
030872
030873
030875
030876
030877
030879
030880
030881
030882
030884
030885
030886
030887
030889
030890
030892
030893
030894
030895
030896
030897
030898
030900
030901
030902
030903
030904
030905
030906
030907
030908
030909
030910
030912
030913
030914
030915
030917
030918
030919
030921
030922
030923
030924
030925
030926
030927
030928
030929
030930
030931
030932
030933
030934
030935
030937
030939
030940
030941
030943
030944
030945
030946
030947
030948
030949
030950
030951
030952
030953
030955
030956
030957
030958
030960
030961
030962
030964
030965
030966
030967
030968
030969
030971
030972
030973
030974
030975
030976
030977
030979
030980
030981
030982
030983
030984
030985
030986
030987
030988
030989
030990
030991
030992
030993
030994
030995
030997
031000
031001
031002
031003
031005
031006
031007
031008
031009
031010
031011
031012
031013
031014
031015
031016
031017
031018
031019
031021
031022
031023
031024
031025
031026
031028
031030
031031
031032
031033
031034
031035
031036
031037
031038
031039
031042
031043
031044
031045
031046
031047
031048
031050
031051
031052
031053
031054
031055
031057
031058
031060
031061
031063
031064
031066
031067
031068
031069
031070
031071
031072
031074
031076
031078
031079
031080
031082
031084
031085
031086
031088
031089
031091
031092
031093
031094
031096
031097
031098
031099
031100
031104
031106
031107
031109
031110
031113
031114
031115
031116
031117
031118
031119
031120
031122
031123
031124
031126
031128
031129
031130
031132
031134
031136
031137
031138
031139
031140
031142
031143
031144
031145
031146
031147
031148
031149
031150
031151
031152
031153
031154
031155
031156
031159
031161
031162
031163
031164
031166
031167
031169
031170
031172
031174
031175
031176
031177
031178
031179
031180
031181
031182
031183
031185
031186
031187
031188
031189
031190
031191
031193
031195
031196
031198
031199
031202
031203
031204
031205
031206
031209
031210
031211
031213
031214
031217
031218
031219
031220
031221
031222
031225
031226
031227
031228
031230
031231
031233
031234
031235
031236
031237
031239
031240
031242
031244
031245
031246
031247
031248
031250
031251
031252
031253
031254
031256
031257
031258
031259
031260
031261
031262
031264
031265
031267
031268
031269
031270
031271
031273
031274
031276
031278
031279
031280
031281
031284
031285
031286
031288
031289
031291
031292
031293
031294
031296
031297
031298
031299
031300
031302
031303
031304
031306
031307
031309
031310
031311
031312
031313
031314
031315
031316
031317
031319
031320
031321
031322
031323
031325
031327
031328
031329
031330
031331
031334
031336
031337
031338
031339
031340
031341
031342
031343
031344
031346
031347
031348
031349
031350
031351
031353
031354
031357
031358
031359
031360
031361
031362
031363
031365
031366
031367
031368
031369
031371
031373
031374
031375
031376
031377
031378
031379
031380
031381
031382
031383
031384
031385
031387
031388
031390
031391
031392
031393
031394
031396
031398
031399
031400
031402
031404
031405
031406
031409
031410
031411
031412
031413
031415
031416
031417
031418
031419
031420
031421
031422
031423
031424
031425
031426
031427
031428
031429
031430
031431
031432
031433
031436
031437
031438
031439
031440
031441
031442
031443
031444
031445
031446
031448
031450
031451
031452
031453
031454
031457
031458
031459
031461
031463
031464
031465
031467
031468
031470
031471
031472
031473
031474
031476
031477
031478
031479
031481
031482
031484
031485
031486
031487
031488
031489
031491
031492
031493
031496
031497
031498
031499
031500
031501
031502
031504
031505
031507
031508
031509
031510
031512
031513
031515
031516
031517
031518
031519
031520
031521
031522
031523
031525
031528
031529
031530
031531
031532
031534
031535
031537
031538
031539
031540
031541
031542
031543
031544
031545
031546
031548
031549
031550
031552
031553
031554
031556
031558
031559
031561
031562
031563
031564
031565
031566
031567
031568
031571
031572
031573
031574
031575
031576
031577
031578
031579
031580
031581
031582
031583
031585
031586
031587
031588
031589
031590
031592
031593
031594
031595
031597
031598
031599
031600
031601
031602
031603
031604
031605
031606
031608
031609
031611
031612
031615
031616
031617
031618
031620
031622
031623
031625
031626
031627
031628
031631
031632
031633
031634
031635
031637
031638
031639
031641
031642
031643
031645
031646
031647
031648
031649
031650
031653
031654
031655
031656
031657
031659
031660
031661
031662
031663
031664
031666
031667
031668
031669
031670
031672
031673
031674
031675
031680
031681
031682
031684
031686
031688
031689
031690
031691
031692
031693
031694
031695
031696
031697
031698
031699
031700
031701
031703
031704
031705
031706
031707
031709
031710
031711
031712
031713
031714
031715
031717
031718
031719
031720
031721
031722
031723
031724
031725
031727
031730
031731
031732
031733
031734
031735
031736
031737
031738
031739
031741
031742
031743
031744
031745
031746
031748
031749
031750
031751
031752
031753
031754
031755
031756
031757
031758
031759
031760
031763
031765
031766
031767
031768
031769
031770
031771
031772
031773
031774
031775
031777
031778
031779
031780
031781
031782
031783
031784
031785
031786
031787
031788
031789
031791
031794
031795
031796
031797
031798
031799
031800
031801
031802
031803
031804
031805
031806
031809
031810
031812
031813
031814
031815
031816
031817
031819
031820
031821
031822
031825
031826
031828
031829
031832
031833
031834
031838
031839
031843
031845
031846
031847
031848
031851
031853
031854
031856
031857
031858
031859
031860
031861
031862
031863
031864
031865
031866
031867
031868
031869
031870
031871
031872
031873
031874
031875
031877
031880
031882
031883
031884
031885
031886
031887
031889
031890
031891
031892
031893
031894
031895
031896
031898
031900
031901
031902
031903
031904
031905
031907
031908
031909
031911
031913
031914
031915
031916
031917
031918
031919
031921
031922
031923
031924
031925
031926
031927
031928
031929
031931
031932
031933
031934
031935
031936
031937
031938
031939
031941
031942
031944
031945
031946
031947
031948
031949
031950
031951
031952
031953
031954
031955
031956
031957
031958
031959
031960
031961
031962
031963
031964
031965
031966
031967
031968
031969
031970
031972
031973
031974
031975
031976
031977
031978
031980
031981
031982
031983
031984
031985
031986
031987
031989
031990
031992
031993
031994
031995
031996
031997
031998
031999
032000
032001
032002
032003
032004
032006
032007
032008
032009
032010
032011
032013
032015
032016
032017
032018
032019
032020
032021
032022
032023
032024
032025
032026
032027
032028
032030
032031
032032
032033
032034
032035
032037
032038
032039
032040
032041
032042
032043
032044
032045
032046
032047
032048
032050
032051
032052
032055
032056
032057
032058
032060
032061
032063
032064
032068
032069
032070
032072
032073
032074
032075
032076
032077
032078
032079
032080
032082
032083
032084
032085
032086
032087
032088
032090
032091
032092
032093
032094
032095
032096
032097
032098
032100
032102
032103
032104
032105
032106
032107
032108
032109
032110
032111
032112
032113
032117
032119
032120
032121
032122
032123
032126
032127
032128
042301
042302
042303
042304
042306
042307
042308
042309
042310
042312
042313
042314
042315
042316
042317
042318
042319
042320
042321
042322
042323
042326
042327
042328
042329
042330
042332
042333
042334
042335
042336
042337
042338
042339
042340
042343
042344
042345
042346
042347
042349
042350
042351
042352
042353
042355
042356
042358
042359
042360
042362
042365
042366
042367
042368
042370
042371
042373
042374
042375
042376
042377
042378
042379
042381
042382
042383
042384
042385
042387
042388
042389
042391
042392
042393
042395
042396
042397
042398
042399
042400
042401
042402
042403
042404
042405
042407
042408
042409
042410
042411
042412
042413
042414
042415
042416
042418
042419
042420
042421
042423
042425
042426
042428
042429
042431
042432
042434
042435
042436
042437
042440
042441
042442
042444
042445
042446
042447
042448
042449
042450
042451
042452
042453
042455
042456
042457
042458
042461
042462
042463
042465
042466
042467
042468
042469
042470
042472
042473
042474
042475
042476
042477
042479
042482
042483
042485
042486
042488
042489
042490
042491
042492
042494
042495
042496
042498
042499
042501
042502
042504
042505
042506
042508
042509
042510
042511
042512
042514
042515
042516
042517
042518
042519
042520
042521
042522
042523
042524
042525
042526
042527
042528
042529
042530
042531
042533
042534
042535
042536
042537
042538
042539
042540
042542
042543
042544
042545
042546
042547
042549
042550
042551
042552
042553
042554
042555
042556
042558
042560
042561
042562
042563
042564
042566
042567
042568
042569
042570
042571
042572
042573
042574
042575
042576
042579
042580
042581
042582
042583
042584
042585
042586
042589
042590
042591
042592
042593
042595
042596
042597
042598
042599
042600
042601
042602
042603
042604
042605
042606
042607
042608
042609
042610
042611
042612
042613
042614
042617
042618
042619
042620
042621
042622
042623
042624
042625
042626
042627
042630
042631
042634
042635
042636
042637
042638
042640
042641
042642
042645
042646
042647
042649
042650
042651
042652
042653
042654
042655
042656
042657
042658
042659
042660
042661
042663
042664
042665
042666
042667
042669
042671
042672
042673
042674
042677
042678
042680
042681
042682
042684
042685
042686
042687
042689
042690
042691
042692
042693
042694
042696
042697
042698
042700
042701
042702
042703
042704
042705
042706
042707
042708
042709
042710
042711
042712
042714
042715
042718
042719
042720
042721
042723
042724
042725
042730
042731
042732
042733
042734
042736
042737
042738
042739
042741
042742
042743
042744
042745
042747
042749
042750
042751
042753
042754
042755
042756
042757
042758
042759
042761
042762
042763
042765
042766
042767
042768
042770
042771
042772
042773
042774
042776
042777
042778
042779
042780
042781
042782
042783
042785
042786
042787
042788
042789
042790
042791
042792
042794
042795
042796
042797
042798
042799
042800
042801
042802
042803
042804
042805
042807
042808
042809
042810
042811
042812
042813
042815
042818
042819
042821
042822
042823
042824
042825
042826
042827
042829
042830
042831
042832
042833
042834
042835
042837
042839
042840
042841
042842
042843
042844
042845
042846
042847
042848
042849
042850
042851
042852
042853
042854
042855
042856
042857
042858
042860
042861
042862
042863
042864
042865
042867
042869
042872
042873
042874
042875
042876
042877
042878
042879
042880
042881
042882
042883
042884
042885
042887
042888
042889
042890
042891
042892
042893
042894
042895
042897
042898
042901
042902
042903
042904
042907
042908
042909
042911
042912
042913
042915
042916
042917
042918
042919
042920
042921
042922
042923
042924
042925
042926
042928
042929
042930
042933
042934
042935
042938
042939
042941
042943
042944
042945
042946
042947
042949
042950
042951
042952
042954
042955
042956
042958
042959
042960
042961
042962
042963
042964
042965
042966
042967
042969
042970
042971
042972
042973
042974
042977
042978
042979
042980
042982
042983
042984
042985
042986
042987
042988
042990
042991
042993
042994
042995
042996
042997
042999
043000
043001
043002
043003
043004
043006
043007
043009
043010
043012
043013
043015
043016
043018
043019
043020
043021
043022
043023
043024
043025
043026
043028
043035
043037
043038
043040
043041
043042
043043
043044
043045
043046
043047
043048
043049
043050
043051
043052
043053
043054
043056
043058
043059
043060
043061
043062
043063
043064
043066
043068
043069
043070
043071
043072
043073
043074
043075
043076
043078
043079
043080
043081
043083
043084
043085
043086
043088
043089
043090
043091
043092
043093
043094
043095
043096
043097
043099
043100
043101
043102
043103
043104
043105
043106
043107
043108
043109
043110
043111
043112
043114
043115
043116
043117
043118
043121
043123
043124
043125
043126
043128
043129
043131
043132
043133
043134
043135
043136
043137
043138
043139
043140
043142
043143
043144
043145
043146
043148
043149
043150
043151
043154
043155
043156
043157
043158
043159
043160
043161
043162
043163
043164
043165
043166
043168
043169
043171
043173
043174
043177
043178
043179
043181
043183
043184
043185
043186
043187
043188
043189
043190
043191
043193
043194
043197
043198
043199
043202
043203
043204
043205
043206
043207
043208
043210
043211
043212
043214
043215
043216
043217
043218
043219
043220
043221
043223
043224
043225
043226
043227
043228
043231
043232
043235
043236
043237
043238
043239
043240
043241
043242
043243
043245
043246
043247
043248
043250
043252
043253
043254
043256
043257
043258
043259
043260
043261
043262
043263
043264
043266
043267
043268
043269
043270
043271
043272
043273
043274
043275
043276
043277
043278
043279
043280
043284
043285
043286
043287
043288
043289
043291
043292
043293
043294
043297
043298
043299
043301
043303
043304
043305
043306
043307
043308
043309
043310
043311
043312
043314
043317
043318
043319
043320
043321
043322
043323
043325
043326
043327
043328
043329
043330
043331
043332
043333
043334
043335
043336
043339
043340
043341
043342
043344
043346
043348
043349
043350
043352
043353
043354
043355
043356
043357
043358
043359
043360
043361
043362
043363
043364
043365
043366
043369
043370
043371
043372
043373
043374
043375
043378
043379
043380
043381
043383
043384
043385
043386
043387
043388
043390
043391
043392
043393
043394
043396
043397
043398
043399
043400
043401
043402
043404
043406
043407
043408
043409
043410
043411
043412
043413
043414
043416
043417
043419
043421
043422
043423
043424
043426
043427
043428
043429
043430
043431
043432
043433
043434
043435
043436
043437
043439
043444
043445
043446
043447
043448
043449
043450
043452
043454
043455
043456
043457
043458
043460
043463
043464
043465
043466
043467
043468
043469
043470
043471
043472
043473
043474
043475
043476
043477
043478
043479
043480
043481
043482
043483
043484
043485
043487
043488
043489
043490
043491
043492
043493
043494
043496
043497
043498
043500
043502
043503
043506
043507
043508
043510
043511
043512
043513
043514
043515
043516
043520
043521
043522
043523
043524
043525
043526
043527
043528
043529
043530
043531
043532
043533
043534
043535
043537
043540
043541
043543
043545
043546
043547
043548
043551
043552
043553
043554
043555
043556
043557
043558
043559
043560
043561
043562
043563
043565
043567
043568
043569
043571
043573
043574
043575
043576
043577
043578
043579
043580
043582
043583
043584
043585
043586
043589
043590
043591
043592
043593
043594
043596
043597
043598
043599
043600
043601
043602
043603
043605
043606
043607
043608
043610
043613
043614
043616
043617
043619
043620
043621
043622
043623
043624
043627
043628
043629
043630
043632
043634
043635
043636
043637
043638
043639
043641
043642
043643
043645
043646
043647
043648
043649
043650
043652
043654
043655
043659
043660
043661
043663
043664
043666
043667
043668
043669
043670
043671
043672
043673
043674
043675
043679
043680
043681
043682
043683
043684
043685
043687
043688
043689
043690
043692
043693
043694
043696
043697
043698
043699
043700
043701
043702
043703
043704
043705
043708
043709
043712
043713
043714
043715
043718
043721
043722
043724
043725
043726
043729
043730
043732
043733
043734
043735
043736
043738
043740
043741
043742
043743
043745
043746
043747
043748
043749
043751
043752
043754
043755
043757
043758
043759
043761
043763
043765
043766
043767
043769
043770
043771
043772
043773
043774
043775
043776
043777
043778
043779
043780
043781
043782
043783
043784
043785
043788
043789
043790
043792
043793
043794
043797
043798
043799
043800
043801
043802
043803
043804
043806
043808
043809
043810
043811
043813
043814
043815
043816
043817
043818
043821
043822
043823
043824
043825
043827
043828
043830
043832
043833
043835
043837
043838
043839
043840
043841
043842
043843
043845
043849
043850
043851
043852
043853
043854
043855
043856
043857
043858
043859
043860
043861
043862
043863
043864
043866
043868
043869
043870
043871
043872
043874
043876
043877
043879
043880
043881
043882
043883
043884
043886
043887
043888
043889
043890
043891
043895
043896
043897
043898
043899
043900
043902
043903
043904
043906
043907
043908
043909
043910
043911
043912
043914
043915
043917
043918
043920
043921
043922
043923
043924
043925
043927
043928
043929
043930
043931
043932
043933
043936
043937
043938
043939
043940
043941
043942
043944
043945
043947
043949
043950
043951
043953
043954
043955
043957
043958
043959
043960
043961
043962
043963
043964
043966
043967
043968
043969
043970
043971
043973
043975
043978
043979
043980
043981
043982
043984
043985
043987
043988
043989
043990
043991
043992
043993
043994
043996
043997
043999
044000
044002
044004
044005
044006
044007
044008
044009
044010
044011
044012
044013
044014
044015
044018
044019
044023
044024
044025
044026
044027
044028
044029
044030
044032
044033
044036
044037
044038
044039
044040
044041
044042
044043
044044
044045
044047
044048
044049
044050
044051
044052
044053
044054
044055
044056
044057
044060
044062
044063
044064
044069
044071
044072
044074
044076
044078
044079
044081
044082
044083
044084
044085
044087
044088
044089
044090
044091
044092
044093
044094
044095
044097
044098
044099
044101
044103
044104
044105
044106
044107
044109
044110
044111
044112
044113
044115
044116
044117
044118
044119
044120
044121
044122
044124
044125
044126
044127
044128
044129
044131
044132
044133
044134
044135
044136
044138
044139
044140
044141
044142
044143
044144
044145
044146
044148
044149
044150
044151
044152
044153
044154
044155
044156
044157
044158
044159
044160
044161
044162
044163
044164
044165
044166
044168
044169
044170
044171
044172
044173
044175
044178
044180
044181
044183
044184
044185
044186
044187
044189
044193
044194
044196
044199
044201
044202
044203
044204
044206
044207
044209
044212
044213
044214
044215
044216
044217
044218
044219
044220
044221
044222
044223
044224
044225
044226
044227
044228
044230
044231
044233
044235
044236
044237
044238
044239
044240
044241
044242
044243
044244
044245
044246
044247
044249
044250
044251
044252
044253
044254
044255
044256
044258
044259
044261
044262
044263
044264
044265
044267
044268
044269
044270
044271
044272
044273
044274
044276
044278
044279
044280
044281
044282
044283
044284
044285
044286
044287
044288
044289
044290
044291
044292
044293
044294
044295
044297
044299
044300
044301
044302
044303
044304
044305
044307
044308
044309
044311
044313
044314
044316
044317
044318
044319
044320
044323
044324
044325
044326
044328
044332
044333
044336
044337
044338
044339
044340
044341
044343
044345
044346
044347
044348
044350
044351
044352
044353
044354
044355
044356
044357
044358
044359
044360
044361
044362
044363
044364
044366
044368
044369
044370
044371
044372
044373
044374
044375
044376
044377
044378
044379
044380
044381
044382
044384
044385
044386
044387
044388
044389
044390
044392
044393
044394
044396
044398
044399
044400
044401
044402
044403
044404
044405
044406
044408
044409
044410
044411
044412
044413
044414
044416
044417
044418
044419
044420
044421
044422
044423
044424
044425
044428
044429
044430
044431
044432
044433
044434
044435
044436
044437
044438
044440
044441
044442
044443
044444
044445
044446
044447
044448
044449
044450
044451
044452
044453
044454
044455
044456
044457
044458
044459
044461
044462
044463
044466
044467
044468
044469
044470
044471
044472
044473
044474
044475
044476
044477
044479
044480
044483
044484
044485
044486
044487
044488
044489
044490
044491
044493
044494
044495
044496
044497
044499
044500
044501
044502
044503
044504
044505
044506
044509
044510
044511
044513
044514
044515
044517
044518
044519
044521
044522
044523
044524
044525
044526
044527
044529
044531
044532
044533
044534
044535
044536
044537
044540
044541
044542
044543
044544
044545
044546
044547
044548
044549
044550
044553
044554
044555
044556
044558
044561
044562
044563
044564
044566
044567
044569
044570
044571
044572
044575
044576
044577
044579
044581
044582
044583
044584
044585
044586
044588
044589
044590
044592
044593
044594
044595
044596
044597
044600
044601
044602
044603
044604
044605
044606
044607
044608
044609
044610
044612
044614
044615
044616
044618
044620
044621
044622
044624
044625
044626
044627
044628
044629
044630
044631
044632
044633
044634
044636
044637
044638
044640
044643
044644
044646
044648
044649
044651
044652
044653
044655
044658
044660
044661
044663
044664
044666
044668
044670
044672
044673
044674
044677
044678
044679
044680
044681
044682
044685
044686
044687
044688
044689
044692
044693
044694
044695
044696
044697
044698
044699
044700
044701
044702
044703
044704
044706
044707
044708
044709
044710
044711
044712
044713
044714
044715
044716
044717
044718
044721
044722
044723
044724
044725
044726
044727
044729
044731
044732
044733
044734
044735
044736
044737
044738
044739
044741
044742
044743
044745
044746
044747
044748
044749
044750
044752
044753
044754
044755
044757
044759
044760
044762
044764
044765
044766
044767
044768
044769
044770
044771
044772
044773
044774
044775
044776
044777
044778
044779
044781
044782
044783
044784
044785
044787
044788
044789
044790
044791
044793
044794
044795
044799
044800
044801
044802
044803
044804
044806
044807
044808
044809
044810
044811
044812
044813
044814
044815
044816
044817
044818
044819
044820
044821
044822
044823
044824
044825
044826
044827
044828
044829
044830
044831
044832
044833
044834
044835
044836
044837
044838
044839
044840
044842
044843
044844
044845
044847
044848
044849
044850
044852
044853
044855
044856
044857
044858
044859
044860
044861
044862
044863
044864
044865
044866
044867
044869
044870
044871
044873
044874
044875
044876
044877
044878
044879
044880
044882
044883
044884
044885
044886
044887
044889
044890
044892
044893
044894
044895
044897
044898
044900
044901
044903
044904
044905
044906
044907
044909
044910
044911
044912
044913
044914
044915
044916
044917
044919
044920
044921
044922
044923
044924
044925
044926
044927
044928
044929
044930
044931
044932
044934
044935
044937
044938
044939
044940
044941
044943
044944
044945
044946
044947
044949
044951
044952
044953
044954
044955
044956
044957
044958
044959
044960
044961
044962
044963
044964
044966
044967
044968
044969
044970
044971
044973
044974
044976
044977
044978
044979
044980
044981
044983
044984
044985
044987
044988
044989
044990
044991
044992
044993
044994
044995
044996
044997
044998
044999
045001
045002
045005
045007
045008
045009
045010
045011
045012
045013
045014
045015
045016
045017
045018
045019
045020
045021
045022
045023
045024
045025
045026
045027
045028
045029
045031
045032
045033
045034
045035
045036
045037
045038
045040
045041
045042
045043
045045
045046
045047
045048
045049
045050
045051
045052
045053
045054
045055
045056
045057
045058
045059
045060
045061
045062
045063
045064
045065
045066
045067
045068
045070
045071
045072
045073
045074
045076
045077
045078
045079
045080
045081
045082
045083
045084
045085
045088
045089
045092
045093
045094
045095
045096
045097
045099
045101
045102
045103
045104
045105
045106
045107
045108
045110
045111
045114
045115
045116
045117
045119
045120
045121
045122
045123
045124
045126
045127
045128
045129
045130
045131
045132
045133
045134
045136
045137
045138
045139
045140
045141
045142
045144
045145
045146
045147
045148
045149
045151
045152
045154
045155
045156
045157
045158
045159
045160
045161
045162
045163
045164
045165
045166
045167
045168
045169
045170
045171
045173
045174
045176
045178
045179
045180
045181
045182
045183
045184
045185
045186
045188
045189
045190
045191
045193
045194
045195
045196
045197
045198
045199
045200
045201
045202
045203
045204
045206
045207
045208
045210
045213
045214
045215
045216
045217
045221
045223
045224
045225
045226
045227
045228
045229
045230
045232
045234
045235
045236
045237
045238
045239
045240
045242
045245
045246
045247
045249
045250
045251
045252
045253
045254
045255
045256
045257
045260
045261
045262
045263
045264
045265
045266
045267
045268
045270
045271
045272
045273
045274
045275
045276
045277
045278
045279
045280
045281
045282
045284
045286
045288
045289
045290
045291
045293
045294
045295
045297
045298
045299
045301
045302
045303
045304
045305
045306
045307
045308
045309
045310
045311
045312
045313
045314
045316
045317
045318
045319
045321
045322
045323
045325
045326
045327
045328
045329
045332
045333
045336
045337
045339
045341
045344
045345
045346
045347
045348
045349
045351
045352
045353
045354
045356
045357
045359
045360
045361
045364
045365
045366
045367
045368
045369
045370
045371
045372
045373
045374
045375
045376
045377
045378
045379
045380
045381
045382
045383
045384
045385
045386
045389
045391
045392
045393
045394
045396
045397
045399
045400
045401
045402
045403
045404
045405
045406
045407
045408
045409
045411
045412
045413
045414
045416
045417
045421
045424
045425
045426
045428
045429
045430
045431
045432
045433
045435
045436
045437
045438
045439
045440
045441
045442
045443
045444
045446
045447
045448
045449
045450
045451
045452
045453
045454
045455
045456
045457
045460
045463
045464
045466
045467
045468
045469
045470
045471
045472
045473
045474
045477
045479
045480
045484
045485
045486
045488
045490
045491
045494
045495
045497
045498
045500
045501
045502
045503
045504
045506
045507
045508
045510
045512
045513
045514
045516
045517
045518
045519
045520
045522
045524
045525
045526
045527
045528
045529
045530
045531
045532
045533
045534
045536
045538
045539
045540
045541
045542
045543
045544
045545
045546
045547
045548
045549
045550
045551
045552
045553
045555
045556
045557
045559
045560
045561
045562
045563
045564
045565
045566
045567
045568
045570
045571
045572
045573
045575
045577
045578
045579
045580
045581
045582
045584
045585
045586
045587
045588
045589
045590
045591
045593
045594
045595
045596
045597
045601
045602
045603
045604
045605
045606
045607
045608
045609
045611
045612
045613
045614
045615
045616
045618
045619
045620
045621
045622
045623
045624
045625
045626
045627
045628
045630
045632
045633
045634
045635
045636
045637
045639
045641
045642
045643
045644
045645
045646
045648
045649
045652
045653
045654
045656
045659
045660
045661
045663
045665
045666
045667
045668
045669
045670
045671
045672
045673
045674
045675
045676
045677
045678
045679
045680
045681
045682
045683
045684
045685
045686
045688
045690
045692
045694
045695
045696
045697
045700
045701
045703
045704
045705
045707
045708
045709
045710
045712
045713
045714
045716
045719
045720
045722
045723
045724
045725
045726
045728
045729
045730
045731
045734
045735
045736
045737
045738
045739
045740
045742
045743
045744
045745
045746
045747
045748
045750
045751
045752
045753
045754
045755
045756
045757
045758
045759
045760
045761
045762
045763
045764
045765
045767
045768
045770
045771
045772
045773
045774
045775
045776
045778
045779
045782
045783
045784
045785
045786
045787
045788
045789
045790
045791
045793
045794
045795
045796
045797
045799
045800
045803
045804
045806
045807
045808
045809
045810
045811
045812
045813
045815
045816
045818
045819
045820
045821
045822
045823
045824
045825
045828
045829
045830
045831
045832
045833
045834
045835
045836
045837
045838
045840
045841
045844
045845
045846
045847
045848
045849
045850
045852
045853
045854
045855
045856
045857
045859
045860
045863
045866
045867
045868
045869
045870
045871
045873
045874
045875
045876
045877
045879
045881
045882
045883
045885
045886
045887
045888
045890
045891
045892
045893
045894
045895
045896
045897
045898
045899
045900
045901
045902
045903
045904
045906
045908
045909
045911
045912
045913
045914
045915
045916
045917
045918
045919
045920
045921
045922
045923
045925
045926
045927
045928
045929
045930
045931
045933
045935
045936
045937
045939
045940
045942
045943
045944
045945
045946
045947
045948
045950
045952
045953
045954
045955
045956
045957
045959
045960
045961
045963
045964
045965
045966
045968
045969
045970
045971
045972
045973
045975
045976
045977
045978
045979
045980
045981
045985
045986
045987
045988
045989
045990
045991
045993
045995
045996
045997
045998
045999
046000
046002
046003
046005
046006
046007
046008
046009
046011
046013
046014
046015
046016
046019
046020
046021
046022
046024
046025
046026
046027
046029
046030
046031
046032
046033
046034
046035
046036
046037
046038
046039
046040
046041
046042
046043
046044
046045
046046
046047
046048
046049
046050
046052
046056
046057
046058
046059
046060
046061
046062
046064
046065
046067
046068
046069
046070
046072
046073
046074
046075
046076
046077
046079
046081
046082
046083
046084
046086
046087
046089
046091
046092
046093
046094
046095
046096
046098
046099
046101
046102
046103
046104
046105
046106
046107
046109
046110
046111
046112
046114
046115
046116
046119
046120
046121
046122
046123
046124
046125
046128
046129
046130
046131
046132
046133
046135
046136
046137
046138
046139
046141
046144
046145
046146
046147
046148
046149
046150
046151
046152
046153
046154
046155
046158
046159
046160
046161
046162
046163
046164
046165
046166
046168
046169
046170
046172
046173
046175
046176
046178
046179
046180
046181
046183
046184
046185
046186
046187
046188
046189
046190
046191
046192
046193
046194
046196
046197
046198
046199
046200
046201
046203
046205
046206
046207
046208
046210
046211
046212
046213
046214
046216
046217
046220
046221
046222
046223
046224
046225
046226
046227
046228
046230
046231
046232
046233
046234
046235
046238
046239
046240
046241
046242
046243
046244
046245
046246
046248
046249
046250
046251
046252
046254
046255
046257
046258
046259
046260
046261
046262
046263
046265
046266
046267
046269
046271
046272
046274
046275
046277
046278
046279
046280
046281
046282
046283
046284
046285
046286
046288
046290
046291
046293
046295
046297
046298
046299
046300
046301
046302
046303
046304
046305
046306
046307
046309
046310
046311
046312
046313
046314
046316
046317
046318
046319
046320
046321
046323
046324
046326
046327
046328
046329
046330
046331
046332
046336
046338
046339
046340
046341
046342
046343
046345
046346
046347
046348
046349
046350
046351
046352
046355
046356
046358
046359